 Va = Vs (V)   Ia (mA)
               Vg =  0  V     Vg = -0.5  V   Vg = -1  V     Vg = -1.5  V   Vg = -2  V     Vg = -2.5  V   Vg = -3  V 
 2.21          0.157          0.012          0.001          0              0              0              0  
 10.88         0.629          0.077          0.003          0              0              0              0  
 19.55         1.605          0.303          0.014          0              0              0              0  
 29.07         3.254          0.914          0.073          0.002          0              0              0  
 39.02         5.378          2.042          0.268          0.012          0              0              0  
 48.95         8.014          3.74           0.758          0.053          0.003          0              0  
 58.02         10.741         5.791          1.601          0.175          0.011          0.001          0  
 68.39         13.845         8.375          2.977          0.487          0.045          0.003          0  
 77.88         17.165         11.285         4.834          1.106          0.147          0.01           0  
 87.8          20.656         14.474         7.169          2.133          0.399          0.032          0.002  
 97.72         24.287         17.828         9.884          3.606          0.901          0.102          0.009  
 107.21        27.878         21.224         12.821         5.448          1.704          0.262          0.029  
 117.12        31.746         24.876         16.044         7.783          2.92           0.607          0.084  
 127.04        35.749         28.607         19.467         10.483         4.561          1.212          0.22  
 136.95        39.879         32.549         23.062         13.484         6.621          2.156          0.5  
 146.42        44.129         36.612         26.766         16.767         9.083          3.466          1.005  
 156.76        48.56          40.849         30.695         20.281         11.946         5.204          1.811  
 165.81        52.643         44.879         34.491         23.741         14.886         7.209          2.872  
 175.71        57.295         49.356         38.681         27.523         18.243         9.722          4.395  
 185.61        61.98          53.73          42.937         31.425         21.79          12.532         6.245  
 195.08        66.632         58.248         47.275         35.414         25.431         15.592         8.465  
