 Vg (V)        Ia (mA)
               Va =  140  V   Va =  150  V   Va =  160  V 
-4             0.007          0.019          0.055  
-3.95          0.009          0.024          0.067  
-3.9           0.01           0.03           0.082  
-3.85          0.013          0.036          0.1  
-3.8           0.016          0.045          0.121  
-3.75          0.021          0.057          0.148  
-3.7           0.025          0.069          0.178  
-3.65          0.031          0.085          0.216  
-3.6           0.039          0.105          0.259  
-3.55          0.049          0.129          0.308  
-3.5           0.062          0.156          0.365  
