 Va = Vs (V)   Ia (mA)
               Vg =  0  V     Vg = -2  V     Vg = -4  V     Vg = -6  V     Vg = -8  V     Vg = -10  V    Vg = -12  V    Vg = -14  V    Vg = -16  V    Vg = -18  V    Vg = -20  V 
 2.14          0.21           0              0              0              0              0              0              0              0.001          0              0  
 19.92         1.143          0.004          0              0              0              0              0              0              0              0              0  
 39            2.586          0.252          0              0              0              0              0              0              0              0              0  
 58.93         4.501          1.19           0.008          0              0              0              0              0              0              0              0  
 78.86         6.593          2.624          0.196          0.001          0              0              0              0              0              0.001          0.001  
 98.36         8.942          4.46           0.894          0.016          0              0              0              0              0              0.001          0.001  
 118.28        11.486         6.519          2.128          0.187          0.003          0              0              0              0              0.001          0.001  
 138.2         14.217         8.862          3.788          0.746          0.026          0.002          0              0              0              0              0  
 158.12        17.028         11.345         5.723          1.774          0.19           0.008          0              0              0              0              0.001  
 177.61        19.946         13.922         7.865          3.202          0.645          0.033          0.004          0              0.001          0.001          0  
 197.52        23.078         16.787         10.301         5.028          1.513          0.182          0.013          0.002          0.001          0.002          0.001  
 217.44        26.238         19.732         12.878         7.075          2.79           0.579          0.046          0.007          0.001          0              0.001  
 236.91        29.558         22.811         15.636         9.377          4.431          1.294          0.191          0.02           0.004          0.001          0  
 257.26        32.931         26.024         18.5           11.887         6.365          2.394          0.555          0.059          0.012          0.003          0.001  
 276.73        36.465         29.29          21.526         14.538         8.554          3.855          1.192          0.208          0.027          0.008          0.003  
 296.2         39.946         32.61          24.605         17.295         10.877         5.562          2.13           0.536          0.071          0.017          0.006  
 316.11        43.64          36.09          27.844         20.241         13.467         7.61           3.43           1.107          0.215          0.036          0.013  
 336.01        47.335         39.624         31.164         23.293         16.171         9.853          5.044          1.953          0.529          0.085          0.024  
 355.91        51.19          43.265         34.591         26.452         19.036         12.316         6.941          3.124          1.048          0.23           0.046  
 375.38        54.885         46.96          38.071         29.718         22.008         14.886         9.036          4.586          1.816          0.527          0.098  
 395.72        58.767         50.762         41.659         33.092         25.113         17.67          11.385         6.372          2.867          1.006          0.23  
