 Va = Vs (V)   Ia (mA)
               Vg =  0  V     Vg = -2  V     Vg = -4  V     Vg = -6  V     Vg = -8  V     Vg = -10  V    Vg = -12  V 
 2.21          1.309          0              0              0              0              0              0  
 10.82         5.475          0.009          0              0              0              0              0  
 21.55         12.423         0.584          0              0              0              0              0  
 31.83         19.919         3.853          0.004          0              0              0              0  
 42.53         28.701         9.658          0.185          0              0              0              0  
 52.78         38.018         16.867         1.56           0.004          0              0              0  
 63.02         48.085         25.033         5.103          0.094          0              0              0  
 73.69         58.633         34.002         10.756         0.748          0.003          0              0  
 83.91         70.012         43.962         17.831         2.762          0.063          0              0  
 95.41         82.328         54.885         26.559         6.881          0.475          0.004          0  
 105.61        94.375         66.13          35.715         12.603         1.69           0.05           0  
 115.81        107.093        77.776         45.675         19.732         4.278          0.29           0.004  
 126.86        120.078        89.958         56.09          28.058         8.514          1.035          0.044  
 137.06        132.795        102.274        67.335         37.054         14.35          2.665          0.219  
 147.24        145.914        115.125        78.713         47.067         21.392         5.515          0.725  
 157.86        159.3          128.244        91.43          57.562         29.718         9.953          1.873  
 168.47        172.955        141.63         103.88         68.673         38.821         15.662         3.921  
