 Va = Vs (V)   Ia (mA)
               Vg = -3  V     Vg = -2.8  V   Vg = -2.5  V   Vg = -2.2  V   Vg = -2  V     Vg = -1.8  V   Vg = -1.5  V   Vg = -1.2  V   Vg = -1  V     Vg = -0.8  V   Vg = -0.5  V   Vg = -0.2  V   Vg =  0  V 
 2.21          0              0              0              0              0              0              0              0              0              0              0              0              0  
 7.42          0              0              0              0              0              0              0              0              0              0              0              0.002          0.004  
 12.63         0              0              0              0              0              0              0              0              0              0              0.001          0.008          0.015  
 18.27         0              0              0              0              0              0              0              0              0              0              0.004          0.023          0.036  
 23.48         0              0              0              0              0              0              0              0              0              0.001          0.008          0.045          0.068  
 29.56         0              0              0              0              0              0              0              0              0              0.003          0.017          0.074          0.107  
 35.2          0              0              0              0              0              0              0              0              0.001          0.007          0.029          0.113          0.156  
 41.72         0              0              0              0              0              0              0              0              0.002          0.013          0.048          0.161          0.213  
 46.93         0              0              0              0              0              0              0              0.001          0.005          0.021          0.071          0.21           0.274  
 53            0              0              0              0              0              0.001          0              0.002          0.009          0.034          0.101          0.27           0.343  
 59.08         0              0              0              0              0              0              0              0.004          0.016          0.053          0.141          0.339          0.422  
 65.16         0              0              0              0              0              0              0.001          0.006          0.025          0.077          0.186          0.411          0.502  
 70.8          0              0              0              0              0              0.001          0.002          0.01           0.038          0.105          0.234          0.486          0.584  
 76.88         0              0              0              0              0.001          0.001          0.004          0.018          0.056          0.14           0.29           0.57           0.673  
 82.96         0              0              0              0              0              0.001          0.006          0.027          0.078          0.181          0.356          0.658          0.767  
 89.04         0              0              0              0              0              0.002          0.01           0.041          0.106          0.229          0.425          0.751          0.866  
 94.68         0              0              0              0              0.001          0.004          0.016          0.057          0.136          0.28           0.497          0.843          0.962  
 100.76        0              0              0              0              0.002          0.007          0.024          0.079          0.176          0.341          0.582          0.947          1.071  
 106.84        0              0              0              0.001          0.003          0.011          0.034          0.104          0.221          0.407          0.667          1.053          1.179  
 112.48        0              0              0              0.001          0.005          0.017          0.049          0.134          0.269          0.476          0.754          1.158          1.29  
 118.56        0              0              0.001          0.003          0.008          0.025          0.067          0.172          0.325          0.554          0.853          1.273          1.409  
 124.64        0              0              0.001          0.004          0.013          0.037          0.09           0.214          0.389          0.639          0.954          1.393          1.534  
 130.28        0              0              0.001          0.006          0.018          0.051          0.116          0.26           0.455          0.726          1.058          1.515          1.657  
 136.36        0.001          0              0.002          0.009          0.026          0.066          0.145          0.309          0.523          0.812          1.159          1.635          1.782  
 142.43        0              0.001          0.003          0.013          0.037          0.089          0.181          0.368          0.604          0.91           1.273          1.765          1.917  
 148.51        0              0.002          0.005          0.02           0.05           0.113          0.221          0.43           0.685          1.007          1.383          1.894          2.047  
 154.16        0.001          0.002          0.008          0.028          0.068          0.144          0.268          0.5            0.774          1.114          1.505          2.03           2.187  
 160.23        0.001          0.004          0.012          0.038          0.087          0.176          0.316          0.569          0.859          1.216          1.62           2.159          2.319  
 166.31        0.002          0.006          0.017          0.052          0.111          0.214          0.37           0.645          0.953          1.322          1.742          2.293          2.461  
 171.96        0.003          0.009          0.024          0.068          0.139          0.257          0.432          0.728          1.053          1.436          1.871          2.434          2.597  
 177.6         0.004          0.012          0.032          0.086          0.17           0.301          0.491          0.81           1.149          1.55           1.993          2.568          2.734  
 184.11        0.006          0.018          0.045          0.11           0.207          0.355          0.564          0.903          1.259          1.673          2.128          2.715          2.886  
 190.19        0.009          0.025          0.058          0.137          0.247          0.412          0.638          0.995          1.365          1.794          2.261          2.857          3.036  
 195.83        0.013          0.034          0.076          0.169          0.294          0.476          0.718          1.097          1.482          1.925          2.402          3.015          3.191  
 201.91        0.019          0.046          0.095          0.201          0.341          0.537          0.798          1.192          1.593          2.044          2.53           3.151          3.339  
 207.99        0.026          0.058          0.119          0.24           0.395          0.608          0.885          1.301          1.713          2.176          2.669          3.304          3.494  
 213.63        0.035          0.076          0.146          0.284          0.453          0.684          0.975          1.408          1.835          2.307          2.817          3.462          3.655  
 219.71        0.047          0.095          0.179          0.332          0.518          0.765          1.072          1.521          1.961          2.449          2.961          3.62           3.81  
 225.35        0.061          0.117          0.211          0.381          0.582          0.844          1.168          1.632          2.082          2.576          3.1            3.77           3.965  
 231.86        0.076          0.144          0.25           0.437          0.654          0.931          1.27           1.749          2.213          2.72           3.256          3.933          4.128  
 237.51        0.096          0.175          0.294          0.498          0.731          1.027          1.38           1.875          2.351          2.865          3.414          4.096          4.3  
 244.02        0.119          0.209          0.341          0.562          0.812          1.121          1.489          2.001          2.483          3.009          3.572          4.26           4.466  
 249.23        0.142          0.243          0.387          0.625          0.89           1.213          1.595          2.116          2.608          3.146          3.711          4.42           4.621  
 255.31        0.171          0.283          0.443          0.7            0.977          1.315          1.714          2.25           2.752          3.301          3.871          4.589          4.795  
 261.38        0.204          0.327          0.501          0.776          1.068          1.421          1.833          2.38           2.892          3.451          4.032          4.758          4.964  
 267.03        0.237          0.374          0.562          0.853          1.16           1.529          1.948          2.511          3.036          3.601          4.19           4.924          5.135  
 273.1         0.277          0.426          0.627          0.936          1.257          1.638          2.075          2.645          3.181          3.756          4.359          5.095          5.294  
 279.18        0.321          0.485          0.7            1.028          1.363          1.758          2.203          2.784          3.336          3.912          4.527          5.261          5.475  
 285.26        0.366          0.544          0.776          1.119          1.469          1.875          2.33           2.929          3.483          4.072          4.691          5.442          5.663  
 291.33        0.415          0.604          0.849          1.208          1.571          1.99           2.455          3.066          3.63           4.233          4.859          5.609          5.823  
 296.98        0.469          0.671          0.932          1.306          1.683          2.115          2.586          3.215          3.791          4.385          5.025          5.79           5.997  
